ampl.tab 2 12
load_zone	plant_code	size_mw	fuel	heat_rate	start_year	max_age	overnight_cost	fixed_o_m	variable_o_m	forced_outage_rate	scheduled_outage_rate	baseload	cogen
Fresno	55508-GT	45.295	Gas	10627.8412378292	2001	25	928.2786885	10.10878727	0.012621528	0.005	0	0	0
Fresno	55698-GT	93	Gas	10234.5933337661	2001	25	928.2786885	10.10878727	0.012621528	0.005	0	0	0
Fresno	55807-GT	95.405	Gas	10375.7366323331	2002	25	928.2786885	10.10878727	0.012621528	0.005	0	0	0
Fresno	55874-GT	45.15	Gas	14153.8484876066	1973	25	928.2786885	10.10878727	0.012621528	0.005	0	0	0
Fresno	56185-IC	49.6	Gas	9867.78078285126	2001	30	1000	30	1	0.05	0	0	0
Fresno	cogen-CC-NG	110.3	Gas	4265	2007	25	563.67373635	16.44398767	0.33	0.0456621	0.791392997808187	1	1
Fresno	cogen-GT-NG	65.2	Gas	4265	2007	25	696.209016375	10.10878727	0.012621528	0.005	0.0408411171844696	1	1
Fresno	cogen-IC-NG	6.6	Gas	4265	2007	30	750	30	1	0.05	0.571669834611435	1	1
Geysers	10199-ST	30	Geothermal	21016.999591485	1988	45	1880	154.92	0	0.05	0.104486101097493	1	0
Geysers	10469-ST	20	Geothermal	21016.9966750056	1988	45	1880	154.92	0	0.05	0.157860790675318	1	0
Geysers	286-ST	542.5	Geothermal	21017.0001543816	1985	45	1880	154.92	0	0.05	0.220597785730511	1	0
Geysers	50066-ST	110	Geothermal	21017.0003043317	1984	45	1880	154.92	0	0.05	0.35389220248629	1	0
Geysers	510-ST	57.5	Geothermal	21016.9976399046	1983	45	1880	154.92	0	0.05	0.353015056999258	1	0
Geysers	7368-ST	102.8	Geothermal	21017.0007930662	1983	45	1880	154.92	0	0.05	0.350990109194419	1	0
Geysers	7369-ST	83.2	Geothermal	21017.0004271526	1986	45	1880	154.92	0	0.05	0.218951716642326	1	0
Humboldt	246-ST	105	Gas	13631.1809970595	1958	45	1000	25	1	0.01	0	0	0
Imperial	10631-ST	40.6818473123448	Geothermal	21016.9967794436	1989	45	1880	154.92	0	0.05	0	1	0
Imperial	10632-ST	40.4722422494593	Geothermal	21016.9987035223	1988	45	1880	154.92	0	0.05	0	1	0
Imperial	10634-ST	39.8536409516943	Geothermal	21017.0002391993	1988	45	1880	154.92	0	0.05	0	1	0
Imperial	10759-ST	47.5	Geothermal	21016.999981655	1989	45	1880	154.92	0	0.05	0.126637911770534	1	0
Imperial	10878-ST	10	Geothermal	21016.9951292619	1982	45	1880	154.92	0	0.05	0.198209565008411	1	0
Imperial	10879-ST	15	Geothermal	21017.0013637458	1990	45	1880	154.92	0	0.05	0.251041416326204	1	0
Imperial	50210-ST	36.7738524393175	Geothermal	21017.0004008295	1985	45	1880	154.92	0	0.05	0	1	0
Imperial	54996-ST	37.9697188175919	Geothermal	21016.9976960859	1996	45	1880	154.92	0	0.05	0	1	0
Imperial	55983-ST	49	Geothermal	21016.9979358067	2000	45	1880	154.92	0	0.05	0.41227179985188	1	0
Imperial	55984-ST	11	Geothermal	21016.9891680384	2000	45	1880	154.92	0	0.05	0.396639356797972	1	0
Imperial	6060-GT	80	Gas	15262.2534036139	1976	25	928.2786885	10.10878727	0.012621528	0.005	0	0	0
Imperial	7824-GT	46	Gas	14364.5771154137	1980	25	928.2786885	10.10878727	0.012621528	0.005	0	0	0
Los_Angeles	377-CC	158.1	Gas	12407.0751101868	2004	25	751.5649818	16.44398767	0.33	0.0456621	0	0	0
Los_Angeles	399-GT	235	Gas	9508.95104840938	2002	25	928.2786885	10.10878727	0.012621528	0.005	0	0	0
Los_Angeles	400-ST	1126	Gas	10722.5199600835	1967	45	1000	25	1	0.01	0	0	0
Los_Angeles	404-ST	803	Gas	10347.6170037417	1974	45	1000	25	1	0.01	0	0	0
Los_Angeles	408-GT	47	Gas	25379.2650918635	2002	25	928.2786885	10.10878727	0.012621528	0.005	0	0	0
Los_Angeles	6013-ST	99	Gas	12516.5279171883	1964	45	1000	25	1	0.01	0	0	0
Los_Angeles	7987-GT	48	Gas	14821.4404013479	2002	25	928.2786885	10.10878727	0.012621528	0.005	0	0	0
Los_Angeles	cogen-CC-NG	56.95	Gas	4265	2007	25	563.67373635	16.44398767	0.33	0.0456621	0.401676573793637	1	1
Los_Angeles	cogen-GT-NG	119.5	Gas	4265	2007	25	696.209016375	10.10878727	0.012621528	0.005	0.261868217814136	1	1
Los_Angeles	cogen-ST-NG	23.5	Gas	4265	2007	45	750	25	1	0.01	0.162043571175991	1	1
North_Coast	286-ST	248.5	Geothermal	21017.0001543816	1975	45	1880	154.92	0	0.05	0.404561061343265	1	0
North_Coast	52158-ST	20	Geothermal	21017.0057239901	1989	45	1880	154.92	0	0.05	0.216963069774894	1	0
Orange	315-ST	1997	Gas	11209.2974352567	1966	45	1000	25	1	0.01	0	0	0
Orange	335-ST	903.6	Gas	10985.6763721354	1961	45	1000	25	1	0.01	0	0	0
Orange	360-ST	2150	Nuclear	10436.9331257411	1984	45	2000	1	6.3	0.01	0.08121006890254	1	0
Orange	7693-GT	45.5	Gas	9399.03154451376	1991	25	928.2786885	10.10878727	0.012621528	0.005	0	0	0
Orange	cogen-CC-NG	27.63	Gas	4265	2007	25	563.67373635	16.44398767	0.33	0.0456621	0.528102969746124	1	1
Orange	cogen-GT-NG	45.305	Gas	4265	2007	25	696.209016375	10.10878727	0.012621528	0.005	0.148052090114459	1	1
Orange	cogen-IC-NG	9.4	Gas	4265	2007	30	750	30	1	0.05	0.361177243604493	1	1
Other_Bay_Area	228-ST	672	Gas	10447.8388538151	1964	45	1000	25	1	0.01	0	0	0
Other_Bay_Area	271-ST	1311	Gas	11030.9924715232	1972	45	1000	25	1	0.01	0	0	0
Other_Bay_Area	55333-CC	849.1	Gas	7980.76073583608	2002	25	751.5649818	16.44398767	0.33	0.0456621	0	0	0
Other_Bay_Area	55748-GT	180	Gas	10012.543100483	2003	25	928.2786885	10.10878727	0.012621528	0.005	0	0	0
Other_Bay_Area	55810-GT	131.2	Gas	10590.9280273741	2002	25	928.2786885	10.10878727	0.012621528	0.005	0	0	0
Other_Bay_Area	7231-GT	58	Gas	14593.2517746019	1987	25	928.2786885	10.10878727	0.012621528	0.005	0	0	0
Other_Bay_Area	7232-GT	8.1078130377917	Gas	15104.6451274754	1982	25	928.2786885	10.10878727	0.012621528	0.005	0	0	0
Other_Bay_Area	7450-GT	46	Gas	15786.4138349872	1986	25	928.2786885	10.10878727	0.012621528	0.005	0	0	0
Other_Bay_Area	7451-GT	19.5	Gas	9207.48692025543	1986	25	928.2786885	10.10878727	0.012621528	0.005	0	0	0
Other_Bay_Area	cogen-CC-NG	1285.35	Gas	4265	2007	25	563.67373635	16.44398767	0.33	0.0456621	0.293905489158649	1	1
Other_Bay_Area	cogen-GT-NG	176.95	Gas	4265	2007	25	696.209016375	10.10878727	0.012621528	0.005	0.430295593353351	1	1
Other_Bay_Area	cogen-IC-NG	25.54	Gas	4265	2007	30	750	30	1	0.05	0.677038571988053	1	1
Other_Bay_Area	cogen-ST-NG	4	Gas	4265	2007	45	750	25	1	0.01	0.535559937272266	1	1
Other_SCE	10438-ST	30	Gas	10875.7445794615	1985	45	1000	25	1	0.01	0	0	0
Other_SCE	10873-ST	88.0853056156373	Geothermal	21017.0036916378	1988	45	1880	154.92	0	0.05	0	1	0
Other_SCE	10874-ST	90.3476295762237	Geothermal	21016.9991835323	1989	45	1880	154.92	0	0.05	0	1	0
Other_SCE	10875-ST	79.0190134583033	Geothermal	21016.9980242537	1989	45	1880	154.92	0	0.05	0	1	0
Other_SCE	329-CC	608	Gas	10395.1980814406	1978	25	751.5649818	16.44398767	0.33	0.0456621	0	0	0
Other_SCE	330-ST	650	Gas	10408.8770556519	1965	45	1000	25	1	0.01	0	0	0
Other_SCE	331-ST	640	Gas	11673.4883337579	1963	45	1000	25	1	0.01	0	0	0
Other_SCE	345-GT	560	Gas	10339.6891705501	1970	25	928.2786885	10.10878727	0.012621528	0.005	0	0	0
Other_SCE	350-ST	1516	Gas	10516.3117687757	1973	45	1000	25	1	0.01	0	0	0
Other_SCE	356-ST	1321.99	Gas	10703.6078651773	1967	45	1000	25	1	0.01	0	0	0
Other_SCE	420-ST	72	Gas	12395.3069306931	1965	45	1000	25	1	0.01	0	0	0
Other_SCE	422-GT	155	Gas	15609.1370558376	2004	25	928.2786885	10.10878727	0.012621528	0.005	0	0	0
Other_SCE	50541-CC	103.8	Gas	10828.9516414205	2001	25	751.5649818	16.44398767	0.33	0.0456621	0	0	0
Other_SCE	55295-CC	519.52	Gas	11324.1951305214	2003	25	751.5649818	16.44398767	0.33	0.0456621	0	0	0
Other_SCE	55518-CC	793.5	Gas	7333.75968192767	2003	25	751.5649818	16.44398767	0.33	0.0456621	0	0	0
Other_SCE	55541-GT	149.7	Gas	10005.3242407608	2001	25	928.2786885	10.10878727	0.012621528	0.005	0	0	0
Other_SCE	55934-GT	41	Gas	13413.0724990326	2001	25	928.2786885	10.10878727	0.012621528	0.005	0	0	0
Other_SCE	55935-GT	41	Gas	13276.2705748116	2001	25	928.2786885	10.10878727	0.012621528	0.005	0	0	0
Other_SCE	55951-GT	43.9	Gas	11252.0052607314	2003	25	928.2786885	10.10878727	0.012621528	0.005	0	0	0
Other_SCE	56039-GT	11.3	Gas	10465.3149353218	1987	25	928.2786885	10.10878727	0.012621528	0.005	0	0	0
Other_SCE	56144-GT	40	Gas	12328.7856731778	2002	25	928.2786885	10.10878727	0.012621528	0.005	0	0	0
Other_SCE	8076-GT	54	Gas	11719.2842942346	1974	25	928.2786885	10.10878727	0.012621528	0.005	0	0	0
Other_SCE	cogen-CC-NG	880.12	Gas	4265	2007	25	563.67373635	16.44398767	0.33	0.0456621	0.236960002074752	1	1
Other_SCE	cogen-GT-NG	967.915	Gas	4265	2007	25	696.209016375	10.10878727	0.012621528	0.005	0.112418719054802	1	1
Other_SCE	cogen-IC-NG	3.39319834975567	Gas	4265	2007	30	750	30	1	0.05	0	1	1
Other_SCE	cogen-ST-COL	173.88	Coal	4265	2007	45	967.5	25.91	4.32	0.01	0.212905386163094	1	1
Other_SCE	cogen-ST-NG	3	Gas	4265	2007	45	750	25	1	0.01	0.333619105822302	1	1
PG&E_North	50298-GT	40.7	Gas	9630.03391559283	1983	25	928.2786885	10.10878727	0.012621528	0.005	0	0	0
PG&E_North	50964-ST	1.8	Geothermal	21761.6580310881	1988	45	1880	154.92	0	0.05	0.999871158108361	1	0
PG&E_North	55112-CC	542.5	Gas	7098.6745973501	2001	25	751.5649818	16.44398767	0.33	0.0456621	0	0	0
PG&E_North	55499-GT	45.3	Gas	10955.7734034232	2002	25	928.2786885	10.10878727	0.012621528	0.005	0	0	0
PG&E_North	55625-GT	45	Gas	10099.0183510969	2003	25	928.2786885	10.10878727	0.012621528	0.005	0	0	0
PG&E_North	55626-GT	45	Gas	9959.13890856578	2003	25	928.2786885	10.10878727	0.012621528	0.005	0	0	0
PG&E_North	55627-GT	45	Gas	9852.92399896806	2003	25	928.2786885	10.10878727	0.012621528	0.005	0	0	0
PG&E_North	55813-GT	45	Gas	9819.40639263103	2002	25	928.2786885	10.10878727	0.012621528	0.005	0	0	0
PG&E_North	55847-GT	45	Gas	9756.64945074223	2003	25	928.2786885	10.10878727	0.012621528	0.005	0	0	0
PG&E_North	55855-GT	45	Gas	10066.7650867108	2003	25	928.2786885	10.10878727	0.012621528	0.005	0	0	0
PG&E_North	55963-GT	46.1	Gas	10015.0782054311	2003	25	928.2786885	10.10878727	0.012621528	0.005	0	0	0
PG&E_North	56184-IC	44.8	Gas	9927.48038895579	2001	30	1000	30	1	0.05	0	0	0
PG&E_North	7307-CC	138.1	Gas	9091.68519473964	2002	25	751.5649818	16.44398767	0.33	0.0456621	0	0	0
PG&E_North	cogen-CC-NG	50	Gas	4265	2007	25	563.67373635	16.44398767	0.33	0.0456621	0.298653628724727	1	1
PG&E_North	cogen-GT-NG	97.1	Gas	4265	2007	25	696.209016375	10.10878727	0.012621528	0.005	0.544467888051663	1	1
PG&E_North	cogen-IC-NG	10.36	Gas	4265	2007	30	750	30	1	0.05	0.827494891121423	1	1
PG&E_South	151-GT	117	Gas	19846.0286079777	1981	25	928.2786885	10.10878727	0.012621528	0.005	0	0	0
PG&E_South	260-CC	2498	Gas	7782.32519577772	2002	25	751.5649818	16.44398767	0.33	0.0456621	0	0	0
PG&E_South	4256-GT	48.4	Gas	18393.7117417919	1986	25	928.2786885	10.10878727	0.012621528	0.005	0	0	0
PG&E_South	55811-GT	42.6	Gas	10146.6921650765	2002	25	928.2786885	10.10878727	0.012621528	0.005	0	0	0
PG&E_South	55933-GT	169.95	Gas	12269.9231912842	2003	25	928.2786885	10.10878727	0.012621528	0.005	0	0	0
PG&E_South	7266-GT	49	Gas	9005.97515158376	1993	25	928.2786885	10.10878727	0.012621528	0.005	0	0	0
PG&E_South	7315-GT	49.5	Gas	10240.1298062279	1996	25	928.2786885	10.10878727	0.012621528	0.005	0	0	0
PG&E_South	7452-GT	32.45	Gas	12618.8937184992	1986	25	928.2786885	10.10878727	0.012621528	0.005	0	0	0
PG&E_South	cogen-CC-NG	146.35	Gas	4265	2007	25	563.67373635	16.44398767	0.33	0.0456621	0.0671244764654207	1	1
PG&E_South	cogen-GT-NG	172.85	Gas	4265	2007	25	696.209016375	10.10878727	0.012621528	0.005	0.324719754234532	1	1
PG&E_South	cogen-IC-NG	5.5	Gas	4265	2007	30	750	30	1	0.05	0.68382236204875	1	1
PG&E_South	cogen-ST-COL	97.7	Coal	4265	2007	45	967.5	25.91	4.32	0.01	0.0969682075212002	1	1
Sacramento	535-GT	77	Gas	13656.8845522413	1986	25	928.2786885	10.10878727	0.012621528	0.005	0	0	0
Sacramento	7527-CC	101	Gas	10732.9403114554	1995	25	751.5649818	16.44398767	0.33	0.0456621	0	0	0
Sacramento	7551-CC	156.35	Gas	9669.4227445131	2001	25	751.5649818	16.44398767	0.33	0.0456621	0	0	0
Sacramento	7552-CC	164	Gas	9509.40625070323	1997	25	751.5649818	16.44398767	0.33	0.0456621	0	0	0
San_Diego	10763-ST	18.5	Geothermal	21017.0012724445	1989	45	1880	154.92	0	0.05	0.540586007781394	1	0
San_Diego	301-GT	14	Gas	17892.8063048366	1968	25	928.2786885	10.10878727	0.012621528	0.005	0	0	0
San_Diego	302-GT	958.5	Gas	11172.9547316453	1978	25	928.2786885	10.10878727	0.012621528	0.005	0	0	0
San_Diego	303-GT	131.5	Gas	17400.7353277357	1972	25	928.2786885	10.10878727	0.012621528	0.005	0	0	0
San_Diego	305-GT	34.5	Gas	15895.8000681233	1972	25	928.2786885	10.10878727	0.012621528	0.005	0	0	0
San_Diego	310-ST	693	Gas	10753.4892548633	1971	45	1000	25	1	0.01	0	0	0
San_Diego	389-CC	231.45	Gas	10727.9913487701	1993	25	751.5649818	16.44398767	0.33	0.0456621	0	0	0
San_Diego	50762-ST	10.8	Geothermal	21016.9909635426	1989	45	1880	154.92	0	0.05	0.357281458338896	1	0
San_Diego	50764-ST	10.8	Geothermal	21016.9918237838	1988	45	1880	154.92	0	0.05	0.303947813470764	1	0
San_Diego	50766-ST	23.65	Geothermal	21017.0043509828	1986	45	1880	154.92	0	0.05	0.351503668668035	1	0
San_Diego	54038-ST	18.5	Geothermal	21016.9728152598	1989	45	1880	154.92	0	0.05	0.792964918776022	1	0
San_Diego	54111-BT	68.2	Geothermal	21016.9997262701	2006	30	1880	154.92	0	0.01	0.129090126391912	1	0
San_Diego	54689-ST	45	Geothermal	21017.001777287	1985	45	1880	154.92	0	0.05	0.17464996840147	1	0
San_Diego	54724-ST	20	Geothermal	21016.9908586474	1987	45	1880	154.92	0	0.05	0.267492790194665	1	0
San_Diego	55510-GT	45.295	Gas	10850.2743589212	2001	25	928.2786885	10.10878727	0.012621528	0.005	0	0	0
San_Diego	55512-GT	45	Gas	11149.4441800129	2002	25	928.2786885	10.10878727	0.012621528	0.005	0	0	0
San_Diego	55513-GT	45.295	Gas	10920.0081357452	2001	25	928.2786885	10.10878727	0.012621528	0.005	0	0	0
San_Diego	55538-GT	34.1	Gas	16679.1325514494	2001	25	928.2786885	10.10878727	0.012621528	0.005	0	0	0
San_Diego	55540-GT	34.1	Gas	15154.7489470446	2001	25	928.2786885	10.10878727	0.012621528	0.005	0	0	0
San_Diego	55542-GT	99.8	Gas	9866.77366692103	2001	25	928.2786885	10.10878727	0.012621528	0.005	0	0	0
San_Diego	cogen-CC-NG	176.2	Gas	4265	2007	25	563.67373635	16.44398767	0.33	0.0456621	0.339032321873194	1	1
San_Diego	cogen-GT-NG	37.78	Gas	4265	2007	25	696.209016375	10.10878727	0.012621528	0.005	0.238658872680368	1	1
San_Diego	cogen-IC-NG	9.325	Gas	4265	2007	30	750	30	1	0.05	0.516616617749891	1	1
San_Francisco	273-ST	206	Gas	10495.819765504	1965	45	1000	25	1	0.01	0	0	0
San_Francisco	cogen-CC-NG	29	Gas	4265	2007	25	563.67373635	16.44398767	0.33	0.0456621	0.191037714185666	1	1
San_Francisco	cogen-IC-NG	1.3988468316911	Gas	4265	2007	30	750	30	1	0.05	0	1	1
Southwest	120-GT	96	Gas	11651.3071992838	1978	25	928.2786885	10.10878727	0.012621528	0.005	0	0	0
Southwest	2324-ST	152.55	Coal	11001.7212865554	1983	45	1290	25.91	4.32	0.01	0.0682478378556809	1	0
Southwest	2341-ST	1042.8	Coal	9467.00919059846	1971	45	1290	25.91	4.32	0.01	0.268689437581409	1	0
Southwest	2442-ST	720	Coal	10184.1146737303	1970	45	1290	25.91	4.32	0.01	0.194943957040138	1	0
Southwest	2451-ST	257.88964	Coal	10829.3671195453	1982	45	1290	25.91	4.32	0.01	0.158648077413386	1	0
Southwest	4941-ST	477	Coal	10176.0747097365	1976	45	1290	25.91	4.32	0.01	0.113555869877534	1	0
Southwest	6008-ST	1061.3152	Nuclear	10435.9693243056	1988	45	2000	1	6.3	0.01	0.13086369682904	1	0
Southwest	6481-ST	1348.974	Coal	9582.59502765378	1987	45	1290	25.91	4.32	0.01	0.114170134458059	1	0
ZP26	259-ST	999	Gas	10084.4876763817	1963	45	1000	25	1	0.01	0	0	0
ZP26	55151-CC	986.45	Gas	7325.98982973944	2003	25	751.5649818	16.44398767	0.33	0.0456621	0	0	0
ZP26	55182-CC	559.5	Gas	7356.93673153805	2003	25	751.5649818	16.44398767	0.33	0.0456621	0	0	0
ZP26	55400-CC	537	Gas	6750.02024984881	2003	25	751.5649818	16.44398767	0.33	0.0456621	0	0	0
ZP26	55875-GT	39.9	Gas	11030.4821562486	2001	25	928.2786885	10.10878727	0.012621528	0.005	0	0	0
ZP26	6099-ST	2240	Nuclear	10437.428125812	1986	45	2000	1	6.3	0.01	0.162304133693974	1	0
ZP26	cogen-CC-NG	30.35	Gas	4265	2007	25	563.67373635	16.44398767	0.33	0.0456621	0.0590783894735314	1	1
ZP26	cogen-GT-NG	1030.64	Gas	4265	2007	25	696.209016375	10.10878727	0.012621528	0.005	0.129027269173502	1	1
ZP26	cogen-ST-COL	52.15	Coal	4265	2007	45	967.5	25.91	4.32	0.01	0.25734648230128	1	1
