ampl.tab 1 5
hour	period	date	hours_in_sample	month_of_year	hour_of_day
1202014021	2012	120402021	16	2	1
1202014220	2012	120402220	436	2	1
1202034021	2012	120402021	16	2	3
1202034220	2012	120402220	436	2	3
1202054021	2012	120402021	16	2	5
1202054220	2012	120402220	436	2	5
1202074021	2012	120402021	16	2	7
1202074220	2012	120402220	436	2	7
1202094021	2012	120402021	16	2	9
1202094220	2012	120402220	436	2	9
1202114021	2012	120402021	16	2	11
1202114220	2012	120402220	436	2	11
1202134021	2012	120402021	16	2	13
1202134220	2012	120402220	436	2	13
1202154021	2012	120402021	16	2	15
1202154220	2012	120402220	436	2	15
1202174021	2012	120402021	16	2	17
1202174220	2012	120402220	436	2	17
1202194021	2012	120402021	16	2	19
1202194220	2012	120402220	436	2	19
1202214021	2012	120402021	16	2	21
1202214220	2012	120402220	436	2	21
1202234021	2012	120402021	16	2	23
1202234220	2012	120402220	436	2	23
1204014100	2012	120404100	464	4	1
1204014271	2012	120404271	16	4	1
1204034100	2012	120404100	464	4	3
1204034271	2012	120404271	16	4	3
1204054100	2012	120404100	464	4	5
1204054271	2012	120404271	16	4	5
1204074100	2012	120404100	464	4	7
1204074271	2012	120404271	16	4	7
1204094100	2012	120404100	464	4	9
1204094271	2012	120404271	16	4	9
1204114100	2012	120404100	464	4	11
1204114271	2012	120404271	16	4	11
1204134100	2012	120404100	464	4	13
1204134271	2012	120404271	16	4	13
1204154100	2012	120404100	464	4	15
1204154271	2012	120404271	16	4	15
1204174100	2012	120404100	464	4	17
1204174271	2012	120404271	16	4	17
1204194100	2012	120404100	464	4	19
1204194271	2012	120404271	16	4	19
1204214100	2012	120404100	464	4	21
1204214271	2012	120404271	16	4	21
1204234100	2012	120404100	464	4	23
1204234271	2012	120404271	16	4	23
1206014151	2012	120406151	16	6	1
1206014290	2012	120406290	464	6	1
1206034151	2012	120406151	16	6	3
1206034290	2012	120406290	464	6	3
1206054151	2012	120406151	16	6	5
1206054290	2012	120406290	464	6	5
1206074151	2012	120406151	16	6	7
1206074290	2012	120406290	464	6	7
1206094151	2012	120406151	16	6	9
1206094290	2012	120406290	464	6	9
1206114151	2012	120406151	16	6	11
1206114290	2012	120406290	464	6	11
1206134151	2012	120406151	16	6	13
1206134290	2012	120406290	464	6	13
1206154151	2012	120406151	16	6	15
1206154290	2012	120406290	464	6	15
1206174151	2012	120406151	16	6	17
1206174290	2012	120406290	464	6	17
1206194151	2012	120406151	16	6	19
1206194290	2012	120406290	464	6	19
1206214151	2012	120406151	16	6	21
1206214290	2012	120406290	464	6	21
1206234151	2012	120406151	16	6	23
1206234290	2012	120406290	464	6	23
1208014111	2012	120408111	16	8	1
1208014180	2012	120408180	480	8	1
1208034111	2012	120408111	16	8	3
1208034180	2012	120408180	480	8	3
1208054111	2012	120408111	16	8	5
1208054180	2012	120408180	480	8	5
1208074111	2012	120408111	16	8	7
1208074180	2012	120408180	480	8	7
1208094111	2012	120408111	16	8	9
1208094180	2012	120408180	480	8	9
1208114111	2012	120408111	16	8	11
1208114180	2012	120408180	480	8	11
1208134111	2012	120408111	16	8	13
1208134180	2012	120408180	480	8	13
1208154111	2012	120408111	16	8	15
1208154180	2012	120408180	480	8	15
1208174111	2012	120408111	16	8	17
1208174180	2012	120408180	480	8	17
1208194111	2012	120408111	16	8	19
1208194180	2012	120408180	480	8	19
1208214111	2012	120408111	16	8	21
1208214180	2012	120408180	480	8	21
1208234111	2012	120408111	16	8	23
1208234180	2012	120408180	480	8	23
1210014040	2012	120410040	480	10	1
1210014071	2012	120410071	16	10	1
1210034040	2012	120410040	480	10	3
1210034071	2012	120410071	16	10	3
1210054040	2012	120410040	480	10	5
1210054071	2012	120410071	16	10	5
1210074040	2012	120410040	480	10	7
1210074071	2012	120410071	16	10	7
1210094040	2012	120410040	480	10	9
1210094071	2012	120410071	16	10	9
1210114040	2012	120410040	480	10	11
1210114071	2012	120410071	16	10	11
1210134040	2012	120410040	480	10	13
1210134071	2012	120410071	16	10	13
1210154040	2012	120410040	480	10	15
1210154071	2012	120410071	16	10	15
1210174040	2012	120410040	480	10	17
1210174071	2012	120410071	16	10	17
1210194040	2012	120410040	480	10	19
1210194071	2012	120410071	16	10	19
1210214040	2012	120410040	480	10	21
1210214071	2012	120410071	16	10	21
1210234040	2012	120410040	480	10	23
1210234071	2012	120410071	16	10	23
1212014061	2012	120412061	16	12	1
1212014160	2012	120412160	480	12	1
1212034061	2012	120412061	16	12	3
1212034160	2012	120412160	480	12	3
1212054061	2012	120412061	16	12	5
1212054160	2012	120412160	480	12	5
1212074061	2012	120412061	16	12	7
1212074160	2012	120412160	480	12	7
1212094061	2012	120412061	16	12	9
1212094160	2012	120412160	480	12	9
1212114061	2012	120412061	16	12	11
1212114160	2012	120412160	480	12	11
1212134061	2012	120412061	16	12	13
1212134160	2012	120412160	480	12	13
1212154061	2012	120412061	16	12	15
1212154160	2012	120412160	480	12	15
1212174061	2012	120412061	16	12	17
1212174160	2012	120412160	480	12	17
1212194061	2012	120412061	16	12	19
1212194160	2012	120412160	480	12	19
1212214061	2012	120412061	16	12	21
1212214160	2012	120412160	480	12	21
1212234061	2012	120412061	16	12	23
1212234160	2012	120412160	480	12	23
1602014021	2016	160402021	16	2	1
1602014230	2016	160402230	436	2	1
1602034021	2016	160402021	16	2	3
1602034230	2016	160402230	436	2	3
1602054021	2016	160402021	16	2	5
1602054230	2016	160402230	436	2	5
1602074021	2016	160402021	16	2	7
1602074230	2016	160402230	436	2	7
1602094021	2016	160402021	16	2	9
1602094230	2016	160402230	436	2	9
1602114021	2016	160402021	16	2	11
1602114230	2016	160402230	436	2	11
1602134021	2016	160402021	16	2	13
1602134230	2016	160402230	436	2	13
1602154021	2016	160402021	16	2	15
1602154230	2016	160402230	436	2	15
1602174021	2016	160402021	16	2	17
1602174230	2016	160402230	436	2	17
1602194021	2016	160402021	16	2	19
1602194230	2016	160402230	436	2	19
1602214021	2016	160402021	16	2	21
1602214230	2016	160402230	436	2	21
1602234021	2016	160402021	16	2	23
1602234230	2016	160402230	436	2	23
1604014090	2016	160404090	464	4	1
1604014271	2016	160404271	16	4	1
1604034090	2016	160404090	464	4	3
1604034271	2016	160404271	16	4	3
1604054090	2016	160404090	464	4	5
1604054271	2016	160404271	16	4	5
1604074090	2016	160404090	464	4	7
1604074271	2016	160404271	16	4	7
1604094090	2016	160404090	464	4	9
1604094271	2016	160404271	16	4	9
1604114090	2016	160404090	464	4	11
1604114271	2016	160404271	16	4	11
1604134090	2016	160404090	464	4	13
1604134271	2016	160404271	16	4	13
1604154090	2016	160404090	464	4	15
1604154271	2016	160404271	16	4	15
1604174090	2016	160404090	464	4	17
1604174271	2016	160404271	16	4	17
1604194090	2016	160404090	464	4	19
1604194271	2016	160404271	16	4	19
1604214090	2016	160404090	464	4	21
1604214271	2016	160404271	16	4	21
1604234090	2016	160404090	464	4	23
1604234271	2016	160404271	16	4	23
1606014151	2016	160406151	16	6	1
1606014160	2016	160406160	464	6	1
1606034151	2016	160406151	16	6	3
1606034160	2016	160406160	464	6	3
1606054151	2016	160406151	16	6	5
1606054160	2016	160406160	464	6	5
1606074151	2016	160406151	16	6	7
1606074160	2016	160406160	464	6	7
1606094151	2016	160406151	16	6	9
1606094160	2016	160406160	464	6	9
1606114151	2016	160406151	16	6	11
1606114160	2016	160406160	464	6	11
1606134151	2016	160406151	16	6	13
1606134160	2016	160406160	464	6	13
1606154151	2016	160406151	16	6	15
1606154160	2016	160406160	464	6	15
1606174151	2016	160406151	16	6	17
1606174160	2016	160406160	464	6	17
1606194151	2016	160406151	16	6	19
1606194160	2016	160406160	464	6	19
1606214151	2016	160406151	16	6	21
1606214160	2016	160406160	464	6	21
1606234151	2016	160406151	16	6	23
1606234160	2016	160406160	464	6	23
1608014080	2016	160408080	480	8	1
1608014111	2016	160408111	16	8	1
1608034080	2016	160408080	480	8	3
1608034111	2016	160408111	16	8	3
1608054080	2016	160408080	480	8	5
1608054111	2016	160408111	16	8	5
1608074080	2016	160408080	480	8	7
1608074111	2016	160408111	16	8	7
1608094080	2016	160408080	480	8	9
1608094111	2016	160408111	16	8	9
1608114080	2016	160408080	480	8	11
1608114111	2016	160408111	16	8	11
1608134080	2016	160408080	480	8	13
1608134111	2016	160408111	16	8	13
1608154080	2016	160408080	480	8	15
1608154111	2016	160408111	16	8	15
1608174080	2016	160408080	480	8	17
1608174111	2016	160408111	16	8	17
1608194080	2016	160408080	480	8	19
1608194111	2016	160408111	16	8	19
1608214080	2016	160408080	480	8	21
1608214111	2016	160408111	16	8	21
1608234080	2016	160408080	480	8	23
1608234111	2016	160408111	16	8	23
1610014020	2016	160410020	480	10	1
1610014071	2016	160410071	16	10	1
1610034020	2016	160410020	480	10	3
1610034071	2016	160410071	16	10	3
1610054020	2016	160410020	480	10	5
1610054071	2016	160410071	16	10	5
1610074020	2016	160410020	480	10	7
1610074071	2016	160410071	16	10	7
1610094020	2016	160410020	480	10	9
1610094071	2016	160410071	16	10	9
1610114020	2016	160410020	480	10	11
1610114071	2016	160410071	16	10	11
1610134020	2016	160410020	480	10	13
1610134071	2016	160410071	16	10	13
1610154020	2016	160410020	480	10	15
1610154071	2016	160410071	16	10	15
1610174020	2016	160410020	480	10	17
1610174071	2016	160410071	16	10	17
1610194020	2016	160410020	480	10	19
1610194071	2016	160410071	16	10	19
1610214020	2016	160410020	480	10	21
1610214071	2016	160410071	16	10	21
1610234020	2016	160410020	480	10	23
1610234071	2016	160410071	16	10	23
1612014061	2016	160412061	16	12	1
1612014080	2016	160412080	480	12	1
1612034061	2016	160412061	16	12	3
1612034080	2016	160412080	480	12	3
1612054061	2016	160412061	16	12	5
1612054080	2016	160412080	480	12	5
1612074061	2016	160412061	16	12	7
1612074080	2016	160412080	480	12	7
1612094061	2016	160412061	16	12	9
1612094080	2016	160412080	480	12	9
1612114061	2016	160412061	16	12	11
1612114080	2016	160412080	480	12	11
1612134061	2016	160412061	16	12	13
1612134080	2016	160412080	480	12	13
1612154061	2016	160412061	16	12	15
1612154080	2016	160412080	480	12	15
1612174061	2016	160412061	16	12	17
1612174080	2016	160412080	480	12	17
1612194061	2016	160412061	16	12	19
1612194080	2016	160412080	480	12	19
1612214061	2016	160412061	16	12	21
1612214080	2016	160412080	480	12	21
1612234061	2016	160412061	16	12	23
1612234080	2016	160412080	480	12	23
2002014021	2020	200402021	16	2	1
2002014260	2020	200402260	436	2	1
2002034021	2020	200402021	16	2	3
2002034260	2020	200402260	436	2	3
2002054021	2020	200402021	16	2	5
2002054260	2020	200402260	436	2	5
2002074021	2020	200402021	16	2	7
2002074260	2020	200402260	436	2	7
2002094021	2020	200402021	16	2	9
2002094260	2020	200402260	436	2	9
2002114021	2020	200402021	16	2	11
2002114260	2020	200402260	436	2	11
2002134021	2020	200402021	16	2	13
2002134260	2020	200402260	436	2	13
2002154021	2020	200402021	16	2	15
2002154260	2020	200402260	436	2	15
2002174021	2020	200402021	16	2	17
2002174260	2020	200402260	436	2	17
2002194021	2020	200402021	16	2	19
2002194260	2020	200402260	436	2	19
2002214021	2020	200402021	16	2	21
2002214260	2020	200402260	436	2	21
2002234021	2020	200402021	16	2	23
2002234260	2020	200402260	436	2	23
2004014270	2020	200404270	464	4	1
2004014271	2020	200404271	16	4	1
2004034270	2020	200404270	464	4	3
2004034271	2020	200404271	16	4	3
2004054270	2020	200404270	464	4	5
2004054271	2020	200404271	16	4	5
2004074270	2020	200404270	464	4	7
2004074271	2020	200404271	16	4	7
2004094270	2020	200404270	464	4	9
2004094271	2020	200404271	16	4	9
2004114270	2020	200404270	464	4	11
2004114271	2020	200404271	16	4	11
2004134270	2020	200404270	464	4	13
2004134271	2020	200404271	16	4	13
2004154270	2020	200404270	464	4	15
2004154271	2020	200404271	16	4	15
2004174270	2020	200404270	464	4	17
2004174271	2020	200404271	16	4	17
2004194270	2020	200404270	464	4	19
2004194271	2020	200404271	16	4	19
2004214270	2020	200404270	464	4	21
2004214271	2020	200404271	16	4	21
2004234270	2020	200404270	464	4	23
2004234271	2020	200404271	16	4	23
2006014151	2020	200406151	16	6	1
2006014230	2020	200406230	464	6	1
2006034151	2020	200406151	16	6	3
2006034230	2020	200406230	464	6	3
2006054151	2020	200406151	16	6	5
2006054230	2020	200406230	464	6	5
2006074151	2020	200406151	16	6	7
2006074230	2020	200406230	464	6	7
2006094151	2020	200406151	16	6	9
2006094230	2020	200406230	464	6	9
2006114151	2020	200406151	16	6	11
2006114230	2020	200406230	464	6	11
2006134151	2020	200406151	16	6	13
2006134230	2020	200406230	464	6	13
2006154151	2020	200406151	16	6	15
2006154230	2020	200406230	464	6	15
2006174151	2020	200406151	16	6	17
2006174230	2020	200406230	464	6	17
2006194151	2020	200406151	16	6	19
2006194230	2020	200406230	464	6	19
2006214151	2020	200406151	16	6	21
2006214230	2020	200406230	464	6	21
2006234151	2020	200406151	16	6	23
2006234230	2020	200406230	464	6	23
2008014010	2020	200408010	480	8	1
2008014111	2020	200408111	16	8	1
2008034010	2020	200408010	480	8	3
2008034111	2020	200408111	16	8	3
2008054010	2020	200408010	480	8	5
2008054111	2020	200408111	16	8	5
2008074010	2020	200408010	480	8	7
2008074111	2020	200408111	16	8	7
2008094010	2020	200408010	480	8	9
2008094111	2020	200408111	16	8	9
2008114010	2020	200408010	480	8	11
2008114111	2020	200408111	16	8	11
2008134010	2020	200408010	480	8	13
2008134111	2020	200408111	16	8	13
2008154010	2020	200408010	480	8	15
2008154111	2020	200408111	16	8	15
2008174010	2020	200408010	480	8	17
2008174111	2020	200408111	16	8	17
2008194010	2020	200408010	480	8	19
2008194111	2020	200408111	16	8	19
2008214010	2020	200408010	480	8	21
2008214111	2020	200408111	16	8	21
2008234010	2020	200408010	480	8	23
2008234111	2020	200408111	16	8	23
2010014071	2020	200410071	16	10	1
2010014150	2020	200410150	480	10	1
2010034071	2020	200410071	16	10	3
2010034150	2020	200410150	480	10	3
2010054071	2020	200410071	16	10	5
2010054150	2020	200410150	480	10	5
2010074071	2020	200410071	16	10	7
2010074150	2020	200410150	480	10	7
2010094071	2020	200410071	16	10	9
2010094150	2020	200410150	480	10	9
2010114071	2020	200410071	16	10	11
2010114150	2020	200410150	480	10	11
2010134071	2020	200410071	16	10	13
2010134150	2020	200410150	480	10	13
2010154071	2020	200410071	16	10	15
2010154150	2020	200410150	480	10	15
2010174071	2020	200410071	16	10	17
2010174150	2020	200410150	480	10	17
2010194071	2020	200410071	16	10	19
2010194150	2020	200410150	480	10	19
2010214071	2020	200410071	16	10	21
2010214150	2020	200410150	480	10	21
2010234071	2020	200410071	16	10	23
2010234150	2020	200410150	480	10	23
2012014061	2020	200412061	16	12	1
2012014070	2020	200412070	480	12	1
2012034061	2020	200412061	16	12	3
2012034070	2020	200412070	480	12	3
2012054061	2020	200412061	16	12	5
2012054070	2020	200412070	480	12	5
2012074061	2020	200412061	16	12	7
2012074070	2020	200412070	480	12	7
2012094061	2020	200412061	16	12	9
2012094070	2020	200412070	480	12	9
2012114061	2020	200412061	16	12	11
2012114070	2020	200412070	480	12	11
2012134061	2020	200412061	16	12	13
2012134070	2020	200412070	480	12	13
2012154061	2020	200412061	16	12	15
2012154070	2020	200412070	480	12	15
2012174061	2020	200412061	16	12	17
2012174070	2020	200412070	480	12	17
2012194061	2020	200412061	16	12	19
2012194070	2020	200412070	480	12	19
2012214061	2020	200412061	16	12	21
2012214070	2020	200412070	480	12	21
2012234061	2020	200412061	16	12	23
2012234070	2020	200412070	480	12	23
2402014021	2024	240402021	16	2	1
2402014200	2024	240402200	436	2	1
2402034021	2024	240402021	16	2	3
2402034200	2024	240402200	436	2	3
2402054021	2024	240402021	16	2	5
2402054200	2024	240402200	436	2	5
2402074021	2024	240402021	16	2	7
2402074200	2024	240402200	436	2	7
2402094021	2024	240402021	16	2	9
2402094200	2024	240402200	436	2	9
2402114021	2024	240402021	16	2	11
2402114200	2024	240402200	436	2	11
2402134021	2024	240402021	16	2	13
2402134200	2024	240402200	436	2	13
2402154021	2024	240402021	16	2	15
2402154200	2024	240402200	436	2	15
2402174021	2024	240402021	16	2	17
2402174200	2024	240402200	436	2	17
2402194021	2024	240402021	16	2	19
2402194200	2024	240402200	436	2	19
2402214021	2024	240402021	16	2	21
2402214200	2024	240402200	436	2	21
2402234021	2024	240402021	16	2	23
2402234200	2024	240402200	436	2	23
2404014210	2024	240404210	464	4	1
2404014271	2024	240404271	16	4	1
2404034210	2024	240404210	464	4	3
2404034271	2024	240404271	16	4	3
2404054210	2024	240404210	464	4	5
2404054271	2024	240404271	16	4	5
2404074210	2024	240404210	464	4	7
2404074271	2024	240404271	16	4	7
2404094210	2024	240404210	464	4	9
2404094271	2024	240404271	16	4	9
2404114210	2024	240404210	464	4	11
2404114271	2024	240404271	16	4	11
2404134210	2024	240404210	464	4	13
2404134271	2024	240404271	16	4	13
2404154210	2024	240404210	464	4	15
2404154271	2024	240404271	16	4	15
2404174210	2024	240404210	464	4	17
2404174271	2024	240404271	16	4	17
2404194210	2024	240404210	464	4	19
2404194271	2024	240404271	16	4	19
2404214210	2024	240404210	464	4	21
2404214271	2024	240404271	16	4	21
2404234210	2024	240404210	464	4	23
2404234271	2024	240404271	16	4	23
2406014151	2024	240406151	16	6	1
2406014300	2024	240406300	464	6	1
2406034151	2024	240406151	16	6	3
2406034300	2024	240406300	464	6	3
2406054151	2024	240406151	16	6	5
2406054300	2024	240406300	464	6	5
2406074151	2024	240406151	16	6	7
2406074300	2024	240406300	464	6	7
2406094151	2024	240406151	16	6	9
2406094300	2024	240406300	464	6	9
2406114151	2024	240406151	16	6	11
2406114300	2024	240406300	464	6	11
2406134151	2024	240406151	16	6	13
2406134300	2024	240406300	464	6	13
2406154151	2024	240406151	16	6	15
2406154300	2024	240406300	464	6	15
2406174151	2024	240406151	16	6	17
2406174300	2024	240406300	464	6	17
2406194151	2024	240406151	16	6	19
2406194300	2024	240406300	464	6	19
2406214151	2024	240406151	16	6	21
2406214300	2024	240406300	464	6	21
2406234151	2024	240406151	16	6	23
2406234300	2024	240406300	464	6	23
2408014090	2024	240408090	480	8	1
2408014111	2024	240408111	16	8	1
2408034090	2024	240408090	480	8	3
2408034111	2024	240408111	16	8	3
2408054090	2024	240408090	480	8	5
2408054111	2024	240408111	16	8	5
2408074090	2024	240408090	480	8	7
2408074111	2024	240408111	16	8	7
2408094090	2024	240408090	480	8	9
2408094111	2024	240408111	16	8	9
2408114090	2024	240408090	480	8	11
2408114111	2024	240408111	16	8	11
2408134090	2024	240408090	480	8	13
2408134111	2024	240408111	16	8	13
2408154090	2024	240408090	480	8	15
2408154111	2024	240408111	16	8	15
2408174090	2024	240408090	480	8	17
2408174111	2024	240408111	16	8	17
2408194090	2024	240408090	480	8	19
2408194111	2024	240408111	16	8	19
2408214090	2024	240408090	480	8	21
2408214111	2024	240408111	16	8	21
2408234090	2024	240408090	480	8	23
2408234111	2024	240408111	16	8	23
2410014071	2024	240410071	16	10	1
2410014090	2024	240410090	480	10	1
2410034071	2024	240410071	16	10	3
2410034090	2024	240410090	480	10	3
2410054071	2024	240410071	16	10	5
2410054090	2024	240410090	480	10	5
2410074071	2024	240410071	16	10	7
2410074090	2024	240410090	480	10	7
2410094071	2024	240410071	16	10	9
2410094090	2024	240410090	480	10	9
2410114071	2024	240410071	16	10	11
2410114090	2024	240410090	480	10	11
2410134071	2024	240410071	16	10	13
2410134090	2024	240410090	480	10	13
2410154071	2024	240410071	16	10	15
2410154090	2024	240410090	480	10	15
2410174071	2024	240410071	16	10	17
2410174090	2024	240410090	480	10	17
2410194071	2024	240410071	16	10	19
2410194090	2024	240410090	480	10	19
2410214071	2024	240410071	16	10	21
2410214090	2024	240410090	480	10	21
2410234071	2024	240410071	16	10	23
2410234090	2024	240410090	480	10	23
2412014061	2024	240412061	16	12	1
2412014100	2024	240412100	480	12	1
2412034061	2024	240412061	16	12	3
2412034100	2024	240412100	480	12	3
2412054061	2024	240412061	16	12	5
2412054100	2024	240412100	480	12	5
2412074061	2024	240412061	16	12	7
2412074100	2024	240412100	480	12	7
2412094061	2024	240412061	16	12	9
2412094100	2024	240412100	480	12	9
2412114061	2024	240412061	16	12	11
2412114100	2024	240412100	480	12	11
2412134061	2024	240412061	16	12	13
2412134100	2024	240412100	480	12	13
2412154061	2024	240412061	16	12	15
2412154100	2024	240412100	480	12	15
2412174061	2024	240412061	16	12	17
2412174100	2024	240412100	480	12	17
2412194061	2024	240412061	16	12	19
2412194100	2024	240412100	480	12	19
2412214061	2024	240412061	16	12	21
2412214100	2024	240412100	480	12	21
2412234061	2024	240412061	16	12	23
2412234100	2024	240412100	480	12	23
